CODE    SEGMENT  PUBLIC
(2,1)(2,2)(2,18)
MAIN    PROC     FAR
(5,93)(2,3)(2,19)
        ASSUME   CS:CODE
(2,5)(3,18)(4,8)(2,1)
MSG     BYTE     'Green '
(5,31)(2,14)(4,13)(7,29)(4,13)
SSD     BYTE     'Green '
(5,34)(2,14)(4,13)(7,29)(4,13)
        BYTE     'Grass '
(2,14)(4,13)(7,44)(4,13)
        BYTE     -1234H,-SSD+SSD,44+17
(2,14)(4,5)(6,74)(4,3)(4,5)(5,34)(4,4)(5,34)(4,3)(6,4)(4,4)(6,5)
AA      EQU      SSD
(5,30)(2,9)(5,34)
LF      WORD     0AH, 0DH, '$'
(5,46)(2,13)(6,85)(4,3)(6,88)(4,3)(4,13)(7,36)(4,13)
        AAD
(1,1)
        REP      MOVSB
(1,28)(1,23)
        POP      OFFSET AA
(1,44)(2,17)(5,30)
        MOV      AX,WORD PTR MSG
(1,109)(3,3)(4,3)(2,13)(2,15)(5,31)
        MOV      DS,AX
(1,109)(3,20)(4,3)(3,3)
        MOV      DX,WORD PTR MSG
(1,109)(3,12)(4,3)(2,13)(2,15)(5,31)
        MOV      AH,4CH
(1,109)(3,1)(4,3)(6,91)
        INT      (-AA+10) + 21h
(1,47)(4,11)(4,5)(5,30)(4,4)(6,97)(4,12)(4,4)(6,3)
        OUT      DS,AL
(1,49)(3,20)(4,3)(3,2)
MAIN    ENDP
(5,93)(2,10)
CODE    ENDS
(2,1)(2,11)
        END      MAIN
(2,12)(5,93)
